{
  "problem_types": [
    "FN",
    "AC",
    "CH",
    "ET",
    "IM",
    "IN",
    "FP",
    "SP",
    "MP"
  ],
  "hint_types": [
    "f",
    "r",
    "b",
    "e"
  ],
  "priors": {
    "symmetric": {
      "matrices": {
        "FN": {
          "transition_matrix": [
            [
              0.14798206278026907,
              0.37668161434977576,
              0.4282511210762332,
              0.04708520179372197
            ],
            [
              0.08100558659217877,
              0.24022346368715083,
              0.6229050279329609,
              0.055865921787709494
            ],
            [
              0.03388856978747846,
              0.12693854106835153,
              0.6777713957495692,
              0.1614014933946008
            ],
            [
              0.0379746835443038,
              0.1518987341772152,
              0.5253164556962026,
              0.2848101265822785
            ]
          ],
          "counts": [
            [
              65.0,
              167.0,
              190.0,
              20.0
            ],
            [
              57.0,
              171.0,
              445.0,
              39.0
            ],
            [
              58.0,
              220.0,
              1179.0,
              280.0
            ],
            [
              5.0,
              23.0,
              82.0,
              44.0
            ]
          ],
          "n_sequences": 501,
          "n_questions": 3546
        },
        "AC": {
          "transition_matrix": [
            [
              0.15702479338842976,
              0.34710743801652894,
              0.4462809917355372,
              0.049586776859504134
            ],
            [
              0.07407407407407407,
              0.24691358024691357,
              0.6234567901234568,
              0.05555555555555555
            ],
            [
              0.04228855721393035,
              0.15671641791044777,
              0.6293532338308457,
              0.17164179104477612
            ],
            [
              0.02631578947368421,
              0.18421052631578946,
              0.5526315789473685,
              0.23684210526315788
            ]
          ],
          "counts": [
            [
              18.0,
              41.0,
              53.0,
              5.0
            ],
            [
              11.0,
              39.0,
              100.0,
              8.0
            ],
            [
              16.0,
              62.0,
              252.0,
              68.0
            ],
            [
              0.0,
              6.0,
              20.0,
              8.0
            ]
          ],
          "n_sequences": 113,
          "n_questions": 820
        },
        "CH": {
          "transition_matrix": [
            [
              0.17660550458715596,
              0.3440366972477064,
              0.43119266055045874,
              0.0481651376146789
            ],
            [
              0.06969205834683954,
              0.23987034035656402,
              0.6094003241491086,
              0.08103727714748785
            ],
            [
              0.029484029484029485,
              0.13083538083538085,
              0.6633906633906634,
              0.1762899262899263
            ],
            [
              0.029585798816568046,
              0.11834319526627218,
              0.5325443786982249,
              0.31952662721893493
            ]
          ],
          "counts": [
            [
              76.0,
              149.0,
              187.0,
              20.0
            ],
            [
              42.0,
              147.0,
              375.0,
              49.0
            ],
            [
              47.0,
              212.0,
              1079.0,
              286.0
            ],
            [
              4.0,
              19.0,
              89.0,
              53.0
            ]
          ],
          "n_sequences": 449,
          "n_questions": 3283
        },
        "ET": {
          "transition_matrix": [
            [
              0.18686131386861313,
              0.32262773722627736,
              0.4686131386861314,
              0.021897810218978103
            ],
            [
              0.0699831365935919,
              0.28161888701517707,
              0.6087689713322091,
              0.03962900505902192
            ],
            [
              0.023693379790940768,
              0.15574912891986062,
              0.7278745644599303,
              0.09268292682926829
            ],
            [
              0.02666666666666667,
              0.13333333333333333,
              0.6066666666666667,
              0.23333333333333334
            ]
          ],
          "counts": [
            [
              127.0,
              220.0,
              320.0,
              14.0
            ],
            [
              82.0,
              333.0,
              721.0,
              46.0
            ],
            [
              67.0,
              446.0,
              2088.0,
              265.0
            ],
            [
              3.0,
              19.0,
              90.0,
              34.0
            ]
          ],
          "n_sequences": 745,
          "n_questions": 5620
        },
        "IM": {
          "transition_matrix": [
            [
              0.16556291390728478,
              0.293598233995585,
              0.5011037527593819,
              0.039735099337748346
            ],
            [
              0.06666666666666667,
              0.24126984126984127,
              0.6365079365079365,
              0.05555555555555555
            ],
            [
              0.032486709982279975,
              0.1512108682811577,
              0.6863555818074424,
              0.1299468399291199
            ],
            [
              0.03875968992248062,
              0.11627906976744186,
              0.5503875968992248,
              0.29457364341085274
            ]
          ],
          "counts": [
            [
              74.0,
              132.0,
              226.0,
              17.0
            ],
            [
              41.0,
              151.0,
              400.0,
              34.0
            ],
            [
              54.0,
              255.0,
              1161.0,
              219.0
            ],
            [
              4.0,
              14.0,
              70.0,
              37.0
            ]
          ],
          "n_sequences": 435,
          "n_questions": 3324
        },
        "IN": {
          "transition_matrix": [
            [
              0.18385650224215247,
              0.3094170403587444,
              0.484304932735426,
              0.02242152466367713
            ],
            [
              0.05604719764011799,
              0.2448377581120944,
              0.6460176991150443,
              0.05309734513274336
            ],
            [
              0.033507853403141365,
              0.14031413612565444,
              0.7361256544502618,
              0.09005235602094241
            ],
            [
              0.017241379310344827,
              0.13793103448275862,
              0.7068965517241379,
              0.13793103448275862
            ]
          ],
          "counts": [
            [
              40.0,
              68.0,
              107.0,
              4.0
            ],
            [
              18.0,
              82.0,
              218.0,
              17.0
            ],
            [
              31.0,
              133.0,
              702.0,
              85.0
            ],
            [
              0.0,
              7.0,
              40.0,
              7.0
            ]
          ],
          "n_sequences": 230,
          "n_questions": 1789
        },
        "FP": {
          "transition_matrix": [
            [
              0.21675302245250433,
              0.33419689119170987,
              0.42573402417962003,
              0.023316062176165803
            ],
            [
              0.0741704619388419,
              0.236174365647365,
              0.6473649967469096,
              0.04229017566688354
            ],
            [
              0.025996971226653204,
              0.15295305401312467,
              0.7054517920242301,
              0.11559818273599193
            ],
            [
              0.02857142857142857,
              0.1510204081632653,
              0.5877551020408164,
              0.23265306122448978
            ]
          ],
          "counts": [
            [
              250.0,
              386.0,
              492.0,
              26.0
            ],
            [
              113.0,
              362.0,
              994.0,
              64.0
            ],
            [
              102.0,
              605.0,
              2794.0,
              457.0
            ],
            [
              6.0,
              36.0,
              143.0,
              56.0
            ]
          ],
          "n_sequences": 963,
          "n_questions": 7849
        },
        "SP": {
          "transition_matrix": [
            [
              0.2345679012345679,
              0.30246913580246915,
              0.44753086419753085,
              0.015432098765432098
            ],
            [
              0.053082191780821915,
              0.2773972602739726,
              0.6523972602739726,
              0.017123287671232876
            ],
            [
              0.021262886597938145,
              0.15528350515463918,
              0.7809278350515464,
              0.04252577319587629
            ],
            [
              0.03125,
              0.25,
              0.5625,
              0.15625
            ]
          ],
          "counts": [
            [
              75.0,
              97.0,
              144.0,
              4.0
            ],
            [
              30.0,
              161.0,
              380.0,
              9.0
            ],
            [
              32.0,
              240.0,
              1211.0,
              65.0
            ],
            [
              0.0,
              7.0,
              17.0,
              4.0
            ]
          ],
          "n_sequences": 315,
          "n_questions": 2791
        },
        "MP": {
          "transition_matrix": [
            [
              0.2535211267605634,
              0.27323943661971833,
              0.4507042253521127,
              0.022535211267605635
            ],
            [
              0.04930966469428008,
              0.28205128205128205,
              0.6272189349112426,
              0.04142011834319527
            ],
            [
              0.024233784746970778,
              0.14754098360655737,
              0.7697790449037776,
              0.05844618674269423
            ],
            [
              0.1,
              0.16,
              0.56,
              0.18
            ]
          ],
          "counts": [
            [
              89.0,
              96.0,
              159.0,
              7.0
            ],
            [
              24.0,
              142.0,
              317.0,
              20.0
            ],
            [
              33.0,
              206.0,
              1079.0,
              81.0
            ],
            [
              4.0,
              7.0,
              27.0,
              8.0
            ]
          ],
          "n_sequences": 292,
          "n_questions": 2591
        }
      },
      "divergence": [
        [
          0.0,
          0.004715810989378026,
          0.004542717052819626,
          0.016760083640096186,
          0.007591055614004105,
          0.03529952956553956,
          0.01212821429618272,
          0.05891747191445904,
          0.0461853407852822
        ],
        [
          0.004715810989378026,
          0.0,
          0.009942359865257567,
          0.01706699934939878,
          0.010891008613018612,
          0.02763626579050558,
          0.011675920455657853,
          0.05202433925139037,
          0.04781466807138256
        ],
        [
          0.004542717052819626,
          0.009942359865257567,
          0.0,
          0.02078601901691487,
          0.006883233864535264,
          0.04063958554204114,
          0.015942741081468446,
          0.07564872668200068,
          0.0542713894566293
        ],
        [
          0.016760083640096186,
          0.01706699934939878,
          0.02078601901691487,
          0.0,
          0.00946090938676023,
          0.011306574393267115,
          0.0035997154496307682,
          0.024176092575056825,
          0.02188529938658352
        ],
        [
          0.007591055614004105,
          0.010891008613018612,
          0.006883233864535264,
          0.00946090938676023,
          0.0,
          0.026686155081474358,
          0.009715531310291637,
          0.051722512593438894,
          0.033467294278386295
        ],
        [
          0.03529952956553956,
          0.02763626579050558,
          0.04063958554204114,
          0.011306574393267115,
          0.026686155081474358,
          0.0,
          0.013982759721468318,
          0.027334414385513754,
          0.03144850592443514
        ],
        [
          0.01212821429618272,
          0.011675920455657853,
          0.015942741081468446,
          0.0035997154496307682,
          0.009715531310291637,
          0.013982759721468318,
          0.0,
          0.026097474901731164,
          0.023525054285100898
        ],
        [
          0.05891747191445904,
          0.05202433925139037,
          0.07564872668200068,
          0.024176092575056825,
          0.051722512593438894,
          0.027334414385513754,
          0.026097474901731164,
          0.0,
          0.019934435542013816
        ],
        [
          0.0461853407852822,
          0.04781466807138256,
          0.0542713894566293,
          0.02188529938658352,
          0.033467294278386295,
          0.03144850592443514,
          0.023525054285100898,
          0.019934435542013816,
          0.0
        ]
      ],
      "similarity": [
        [
          1.0,
          0.9952952909887994,
          0.9954675854798904,
          0.983379585186059,
          0.9924376836821527,
          0.965316232198502,
          0.9879450360637497,
          0.9427845721524067,
          0.9548649703658734
        ],
        [
          0.9952952909887994,
          1.0,
          0.9901069019996821,
          0.9830778168542474,
          0.9891680837017581,
          0.9727421220477092,
          0.988391978585394,
          0.9493057611701359,
          0.9533104495705889
        ],
        [
          0.9954675854798904,
          0.9901069019996821,
          1.0,
          0.9794285212259238,
          0.9931404013297336,
          0.9601751285911135,
          0.9841836717346315,
          0.927141829551422,
          0.9471750183043126
        ],
        [
          0.983379585186059,
          0.9830778168542474,
          0.9794285212259238,
          1.0,
          0.9905837042105297,
          0.9887571046955779,
          0.9964067557588633,
          0.9761138082290225,
          0.9783524462414622
        ],
        [
          0.9924376836821527,
          0.9891680837017581,
          0.9931404013297336,
          0.9905837042105297,
          1.0,
          0.9736667739462702,
          0.9903315119905413,
          0.9495923302003147,
          0.9670865399773325
        ],
        [
          0.965316232198502,
          0.9727421220477092,
          0.9601751285911135,
          0.9887571046955779,
          0.9736667739462702,
          1.0,
          0.9861145450057327,
          0.9730357899437477,
          0.9690408550320025
        ],
        [
          0.9879450360637497,
          0.988391978585394,
          0.9841836717346315,
          0.9964067557588633,
          0.9903315119905413,
          0.9861145450057327,
          1.0,
          0.9742401210202386,
          0.9767495026017696
        ],
        [
          0.9427845721524067,
          0.9493057611701359,
          0.927141829551422,
          0.9761138082290225,
          0.9495923302003147,
          0.9730357899437477,
          0.9742401210202386,
          1.0,
          0.9802629416083246
        ],
        [
          0.9548649703658734,
          0.9533104495705889,
          0.9471750183043126,
          0.9783524462414622,
          0.9670865399773325,
          0.9690408550320025,
          0.9767495026017696,
          0.9802629416083246,
          1.0
        ]
      ],
      "most_similar": [
        [
          "ET",
          "FP",
          0.0035997154496307682
        ],
        [
          "FN",
          "CH",
          0.004542717052819626
        ],
        [
          "FN",
          "AC",
          0.004715810989378026
        ]
      ],
      "most_different": [
        [
          "CH",
          "SP",
          0.07564872668200068
        ],
        [
          "FN",
          "SP",
          0.05891747191445904
        ],
        [
          "CH",
          "MP",
          0.0542713894566293
        ]
      ]
    },
    "pedagogical": {
      "matrices": {
        "FN": {
          "transition_matrix": [
            [
              0.14715719063545152,
              0.379041248606466,
              0.4280936454849498,
              0.045707915273132664
            ],
            [
              0.0807799442896936,
              0.2402506963788301,
              0.6239554317548747,
              0.05501392757660167
            ],
            [
              0.03355319759105248,
              0.12675652423286493,
              0.6779466590192142,
              0.16174361915686836
            ],
            [
              0.03459119496855346,
              0.14779874213836477,
              0.5220125786163522,
              0.29559748427672955
            ]
          ],
          "counts": [
            [
              65.0,
              167.0,
              190.0,
              20.0
            ],
            [
              57.0,
              171.0,
              445.0,
              39.0
            ],
            [
              58.0,
              220.0,
              1179.0,
              280.0
            ],
            [
              5.0,
              23.0,
              82.0,
              44.0
            ]
          ],
          "n_sequences": 501,
          "n_questions": 3546
        },
        "AC": {
          "transition_matrix": [
            [
              0.15384615384615385,
              0.3562753036437247,
              0.44534412955465585,
              0.044534412955465584
            ],
            [
              0.07317073170731707,
              0.24695121951219512,
              0.6280487804878049,
              0.051829268292682924
            ],
            [
              0.0407911001236094,
              0.1557478368355995,
              0.630407911001236,
              0.173053152039555
            ],
            [
              0.01282051282051282,
              0.16666666666666666,
              0.5384615384615384,
              0.28205128205128205
            ]
          ],
          "counts": [
            [
              18.0,
              41.0,
              53.0,
              5.0
            ],
            [
              11.0,
              39.0,
              100.0,
              8.0
            ],
            [
              16.0,
              62.0,
              252.0,
              68.0
            ],
            [
              0.0,
              6.0,
              20.0,
              8.0
            ]
          ],
          "n_sequences": 113,
          "n_questions": 820
        },
        "CH": {
          "transition_matrix": [
            [
              0.17559863169897377,
              0.346636259977195,
              0.43101482326111745,
              0.046750285062713795
            ],
            [
              0.06946688206785137,
              0.23990306946688206,
              0.6106623586429726,
              0.07996768982229402
            ],
            [
              0.029132168046611468,
              0.13063477460901565,
              0.6636001226617602,
              0.1766329346826127
            ],
            [
              0.026470588235294117,
              0.11470588235294117,
              0.5294117647058824,
              0.32941176470588235
            ]
          ],
          "counts": [
            [
              76.0,
              149.0,
              187.0,
              20.0
            ],
            [
              42.0,
              147.0,
              375.0,
              49.0
            ],
            [
              47.0,
              212.0,
              1079.0,
              286.0
            ],
            [
              4.0,
              19.0,
              89.0,
              53.0
            ]
          ],
          "n_sequences": 449,
          "n_questions": 3283
        },
        "ET": {
          "transition_matrix": [
            [
              0.18618181818181817,
              0.32436363636363635,
              0.46836363636363637,
              0.02109090909090909
            ],
            [
              0.06986531986531987,
              0.2815656565656566,
              0.6094276094276094,
              0.039141414141414144
            ],
            [
              0.02349869451697128,
              0.1556135770234987,
              0.7279373368146214,
              0.09295039164490862
            ],
            [
              0.023178807947019868,
              0.1291390728476821,
              0.6026490066225165,
              0.24503311258278146
            ]
          ],
          "counts": [
            [
              127.0,
              220.0,
              320.0,
              14.0
            ],
            [
              82.0,
              333.0,
              721.0,
              46.0
            ],
            [
              67.0,
              446.0,
              2088.0,
              265.0
            ],
            [
              3.0,
              19.0,
              90.0,
              34.0
            ]
          ],
          "n_sequences": 745,
          "n_questions": 5620
        },
        "IM": {
          "transition_matrix": [
            [
              0.16465422612513722,
              0.29637760702524696,
              0.5005488474204172,
              0.038419319429198684
            ],
            [
              0.06645569620253164,
              0.2412974683544304,
              0.6376582278481012,
              0.05458860759493671
            ],
            [
              0.03214391035092893,
              0.1509879091713359,
              0.6865231495134179,
              0.13034503096431732
            ],
            [
              0.03461538461538462,
              0.11153846153846154,
              0.5461538461538461,
              0.3076923076923077
            ]
          ],
          "counts": [
            [
              74.0,
              132.0,
              226.0,
              17.0
            ],
            [
              41.0,
              151.0,
              400.0,
              34.0
            ],
            [
              54.0,
              255.0,
              1161.0,
              219.0
            ],
            [
              4.0,
              14.0,
              70.0,
              37.0
            ]
          ],
          "n_sequences": 435,
          "n_questions": 3324
        },
        "IN": {
          "transition_matrix": [
            [
              0.18181818181818182,
              0.3148558758314856,
              0.48337028824833705,
              0.019955654101995565
            ],
            [
              0.05571847507331378,
              0.24486803519061584,
              0.6480938416422287,
              0.051319648093841645
            ],
            [
              0.03289817232375979,
              0.13994778067885116,
              0.7362924281984334,
              0.09086161879895562
            ],
            [
              0.00847457627118644,
              0.1271186440677966,
              0.6949152542372882,
              0.1694915254237288
            ]
          ],
          "counts": [
            [
              40.0,
              68.0,
              107.0,
              4.0
            ],
            [
              18.0,
              82.0,
              218.0,
              17.0
            ],
            [
              31.0,
              133.0,
              702.0,
              85.0
            ],
            [
              0.0,
              7.0,
              40.0,
              7.0
            ]
          ],
          "n_sequences": 230,
          "n_questions": 1789
        },
        "FP": {
          "transition_matrix": [
            [
              0.21628608358466178,
              0.33520034467901766,
              0.42567858681602755,
              0.022834984920292976
            ],
            [
              0.07407407407407407,
              0.23619233268356074,
              0.6478232618583496,
              0.04191033138401559
            ],
            [
              0.02585445831756842,
              0.15285660234581913,
              0.7055114137974524,
              0.11577752553916004
            ],
            [
              0.026422764227642278,
              0.1483739837398374,
              0.5853658536585366,
              0.23983739837398374
            ]
          ],
          "counts": [
            [
              250.0,
              386.0,
              492.0,
              26.0
            ],
            [
              113.0,
              362.0,
              994.0,
              64.0
            ],
            [
              102.0,
              605.0,
              2794.0,
              457.0
            ],
            [
              6.0,
              36.0,
              143.0,
              56.0
            ]
          ],
          "n_sequences": 963,
          "n_questions": 7849
        },
        "SP": {
          "transition_matrix": [
            [
              0.2327718223583461,
              0.30627871362940273,
              0.44716692189892804,
              0.013782542113323124
            ],
            [
              0.052901023890784986,
              0.2773037542662116,
              0.6535836177474402,
              0.016211604095563138
            ],
            [
              0.020907044065615953,
              0.15503377291733678,
              0.7809585075587006,
              0.043100675458346734
            ],
            [
              0.015151515151515152,
              0.22727272727272727,
              0.5454545454545454,
              0.21212121212121213
            ]
          ],
          "counts": [
            [
              75.0,
              97.0,
              144.0,
              4.0
            ],
            [
              30.0,
              161.0,
              380.0,
              9.0
            ],
            [
              32.0,
              240.0,
              1211.0,
              65.0
            ],
            [
              0.0,
              7.0,
              17.0,
              4.0
            ]
          ],
          "n_sequences": 315,
          "n_questions": 2791
        },
        "MP": {
          "transition_matrix": [
            [
              0.2517482517482518,
              0.27692307692307694,
              0.45034965034965035,
              0.02097902097902098
            ],
            [
              0.04911591355599214,
              0.2819253438113949,
              0.6286836935166994,
              0.04027504911591356
            ],
            [
              0.02383493418712202,
              0.1472785485592316,
              0.7698327997154037,
              0.059053717538242616
            ],
            [
              0.08823529411764706,
              0.14705882352941177,
              0.5490196078431373,
              0.21568627450980393
            ]
          ],
          "counts": [
            [
              89.0,
              96.0,
              159.0,
              7.0
            ],
            [
              24.0,
              142.0,
              317.0,
              20.0
            ],
            [
              33.0,
              206.0,
              1079.0,
              81.0
            ],
            [
              4.0,
              7.0,
              27.0,
              8.0
            ]
          ],
          "n_sequences": 292,
          "n_questions": 2591
        }
      },
      "divergence": [
        [
          0.0,
          0.005025015828092896,
          0.004497441075456628,
          0.01669545895550026,
          0.007620711070442811,
          0.03304163383497643,
          0.012185531768517367,
          0.05273766156364408,
          0.04174813331178711
        ],
        [
          0.005025015828092896,
          0.0,
          0.00796701014063028,
          0.01726993181745904,
          0.010675721790412866,
          0.027571247886366786,
          0.012776539988317286,
          0.04927548546399907,
          0.05363434642762838
        ],
        [
          0.004497441075456628,
          0.00796701014063028,
          0.0,
          0.02041702347883128,
          0.006746890621869129,
          0.0361105057496474,
          0.016008782994888452,
          0.06579088801464764,
          0.048137774692766755
        ],
        [
          0.01669545895550026,
          0.01726993181745904,
          0.02041702347883128,
          0.0,
          0.00942700019626174,
          0.009463465273984546,
          0.003692361860472425,
          0.019411902326708565,
          0.0190192914528219
        ],
        [
          0.007620711070442811,
          0.010675721790412866,
          0.006746890621869129,
          0.00942700019626174,
          0.0,
          0.024185421093202493,
          0.009941631469834827,
          0.044742197173546855,
          0.028932431589353047
        ],
        [
          0.03304163383497643,
          0.027571247886366786,
          0.0361105057496474,
          0.009463465273984546,
          0.024185421093202493,
          0.0,
          0.012440369322453713,
          0.026959297995385222,
          0.03664070501573953
        ],
        [
          0.012185531768517367,
          0.012776539988317286,
          0.016008782994888452,
          0.003692361860472425,
          0.009941631469834827,
          0.012440369322453713,
          0.0,
          0.0217911417609059,
          0.020082371332623604
        ],
        [
          0.05273766156364408,
          0.04927548546399907,
          0.06579088801464764,
          0.019411902326708565,
          0.044742197173546855,
          0.026959297995385222,
          0.0217911417609059,
          0.0,
          0.025055804074105972
        ],
        [
          0.04174813331178711,
          0.05363434642762838,
          0.048137774692766755,
          0.0190192914528219,
          0.028932431589353047,
          0.03664070501573953,
          0.020082371332623604,
          0.025055804074105972,
          0.0
        ]
      ],
      "similarity": [
        [
          1.0,
          0.9949875884428852,
          0.9955126572680831,
          0.9834431378351024,
          0.9924082529260495,
          0.9674982780868513,
          0.9878884111742903,
          0.9486288416491442,
          0.9591113183449274
        ],
        [
          0.9949875884428852,
          1.0,
          0.9920646423702568,
          0.9828783386875608,
          0.9893810614803533,
          0.9728053697578467,
          0.9873047334991825,
          0.9519188537664408,
          0.9477786017808779
        ],
        [
          0.9955126572680831,
          0.9920646423702568,
          1.0,
          0.979789992666701,
          0.9932758185438749,
          0.964533701073997,
          0.9841186765080217,
          0.9363266409441093,
          0.953002478408538
        ],
        [
          0.9834431378351024,
          0.9828783386875608,
          0.979789992666701,
          1.0,
          0.9906172946715699,
          0.9905811723935309,
          0.9963144465253294,
          0.9807752954043282,
          0.9811604340500062
        ],
        [
          0.9924082529260495,
          0.9893810614803533,
          0.9932758185438749,
          0.9906172946715699,
          1.0,
          0.9761047025761214,
          0.9901076231892803,
          0.9562439724576233,
          0.9714821037507312
        ],
        [
          0.9674982780868513,
          0.9728053697578467,
          0.964533701073997,
          0.9905811723935309,
          0.9761047025761214,
          1.0,
          0.9876366921831128,
          0.9734008600843531,
          0.9640224415602527
        ],
        [
          0.9878884111742903,
          0.9873047334991825,
          0.9841186765080217,
          0.9963144465253294,
          0.9901076231892803,
          0.9876366921831128,
          1.0,
          0.9784445699218817,
          0.9801179363610497
        ],
        [
          0.9486288416491442,
          0.9519188537664408,
          0.9363266409441093,
          0.9807752954043282,
          0.9562439724576233,
          0.9734008600843531,
          0.9784445699218817,
          1.0,
          0.975255487280301
        ],
        [
          0.9591113183449274,
          0.9477786017808779,
          0.953002478408538,
          0.9811604340500062,
          0.9714821037507312,
          0.9640224415602527,
          0.9801179363610497,
          0.975255487280301,
          1.0
        ]
      ],
      "most_similar": [
        [
          "ET",
          "FP",
          0.003692361860472425
        ],
        [
          "FN",
          "CH",
          0.004497441075456628
        ],
        [
          "FN",
          "AC",
          0.005025015828092896
        ]
      ],
      "most_different": [
        [
          "CH",
          "SP",
          0.06579088801464764
        ],
        [
          "AC",
          "MP",
          0.05363434642762838
        ],
        [
          "FN",
          "SP",
          0.05273766156364408
        ]
      ]
    }
  }
}