{
  "domains": [
    "algebra",
    "counting_and_probability",
    "geometry",
    "intermediate_algebra",
    "number_theory",
    "prealgebra",
    "precalculus"
  ],
  "hint_types": [
    "f",
    "r",
    "b",
    "e"
  ],
  "priors": {
    "symmetric": {
      "matrices": {
        "algebra": {
          "transition_matrix": [
            [
              0.22744599745870395,
              0.22363405336721728,
              0.49809402795425667,
              0.05082592121982211
            ],
            [
              0.15965480043149946,
              0.27184466019417475,
              0.5016181229773463,
              0.0668824163969795
            ],
            [
              0.08899297423887588,
              0.1578454332552693,
              0.6004683840749414,
              0.15269320843091336
            ],
            [
              0.030042918454935622,
              0.07296137339055794,
              0.19313304721030042,
              0.703862660944206
            ]
          ],
          "counts": [
            [
              178.0,
              175.0,
              391.0,
              39.0
            ],
            [
              147.0,
              251.0,
              464.0,
              61.0
            ],
            [
              189.0,
              336.0,
              1281.0,
              325.0
            ],
            [
              6.0,
              16.0,
              44.0,
              163.0
            ]
          ],
          "n_sequences": 576,
          "n_questions": 4642
        },
        "counting_and_probability": {
          "transition_matrix": [
            [
              0.4180118946474087,
              0.12574341546304163,
              0.421410365335599,
              0.034834324553950725
            ],
            [
              0.18448023426061494,
              0.24158125915080528,
              0.4407027818448023,
              0.13323572474377746
            ],
            [
              0.07017543859649122,
              0.1039136302294197,
              0.7147998200629779,
              0.1111111111111111
            ],
            [
              0.0299625468164794,
              0.0599250936329588,
              0.07865168539325842,
              0.8314606741573034
            ]
          ],
          "counts": [
            [
              491.0,
              147.0,
              495.0,
              40.0
            ],
            [
              125.0,
              164.0,
              300.0,
              90.0
            ],
            [
              155.0,
              230.0,
              1588.0,
              246.0
            ],
            [
              7.0,
              15.0,
              20.0,
              221.0
            ]
          ],
          "n_sequences": 584,
          "n_questions": 4918
        },
        "geometry": {
          "transition_matrix": [
            [
              0.3258317025440313,
              0.19960861056751467,
              0.44422700587084146,
              0.030332681017612523
            ],
            [
              0.14532019704433496,
              0.24876847290640394,
              0.5566502463054187,
              0.04926108374384237
            ],
            [
              0.10142711518858308,
              0.1345565749235474,
              0.6518858307849134,
              0.11213047910295616
            ],
            [
              0.032679738562091505,
              0.058823529411764705,
              0.1437908496732026,
              0.7647058823529411
            ]
          ],
          "counts": [
            [
              332.0,
              203.0,
              453.0,
              30.0
            ],
            [
              117.0,
              201.0,
              451.0,
              39.0
            ],
            [
              198.0,
              263.0,
              1278.0,
              219.0
            ],
            [
              4.0,
              8.0,
              21.0,
              116.0
            ]
          ],
          "n_sequences": 575,
          "n_questions": 4508
        },
        "intermediate_algebra": {
          "transition_matrix": [
            [
              0.2646675358539765,
              0.2033898305084746,
              0.5019556714471969,
              0.02998696219035202
            ],
            [
              0.13019390581717452,
              0.29916897506925205,
              0.5277008310249307,
              0.04293628808864266
            ],
            [
              0.06282722513089005,
              0.09904013961605584,
              0.743891797556719,
              0.09424083769633508
            ],
            [
              0.023529411764705882,
              0.058823529411764705,
              0.16470588235294117,
              0.7529411764705882
            ]
          ],
          "counts": [
            [
              202.0,
              155.0,
              384.0,
              22.0
            ],
            [
              93.0,
              215.0,
              380.0,
              30.0
            ],
            [
              143.0,
              226.0,
              1704.0,
              215.0
            ],
            [
              1.0,
              4.0,
              13.0,
              63.0
            ]
          ],
          "n_sequences": 565,
          "n_questions": 4415
        },
        "number_theory": {
          "transition_matrix": [
            [
              0.23668639053254437,
              0.23668639053254437,
              0.4807692307692308,
              0.04585798816568047
            ],
            [
              0.14285714285714285,
              0.32668067226890757,
              0.46008403361344535,
              0.0703781512605042
            ],
            [
              0.06884057971014493,
              0.12784679089026915,
              0.6609730848861284,
              0.14233954451345757
            ],
            [
              0.02197802197802198,
              0.06043956043956044,
              0.2087912087912088,
              0.7087912087912088
            ]
          ],
          "counts": [
            [
              159.0,
              159.0,
              324.0,
              30.0
            ],
            [
              135.0,
              310.0,
              437.0,
              66.0
            ],
            [
              132.0,
              246.0,
              1276.0,
              274.0
            ],
            [
              3.0,
              10.0,
              37.0,
              128.0
            ]
          ],
          "n_sequences": 583,
          "n_questions": 4309
        },
        "prealgebra": {
          "transition_matrix": [
            [
              0.33101851851851855,
              0.1724537037037037,
              0.46064814814814814,
              0.03587962962962963
            ],
            [
              0.12242268041237113,
              0.2770618556701031,
              0.5115979381443299,
              0.08891752577319588
            ],
            [
              0.08465068842427333,
              0.12085670576236614,
              0.6409994900560938,
              0.1534931157572667
            ],
            [
              0.016597510373443983,
              0.024896265560165973,
              0.11618257261410789,
              0.8423236514522822
            ]
          ],
          "counts": [
            [
              285.0,
              148.0,
              397.0,
              30.0
            ],
            [
              94.0,
              214.0,
              396.0,
              68.0
            ],
            [
              165.0,
              236.0,
              1256.0,
              300.0
            ],
            [
              3.0,
              5.0,
              27.0,
              202.0
            ]
          ],
          "n_sequences": 590,
          "n_questions": 4416
        },
        "precalculus": {
          "transition_matrix": [
            [
              0.22302158273381295,
              0.27050359712230215,
              0.4618705035971223,
              0.04460431654676259
            ],
            [
              0.1276595744680851,
              0.3768996960486322,
              0.4447821681864235,
              0.05065856129685917
            ],
            [
              0.061507936507936505,
              0.10664682539682539,
              0.716765873015873,
              0.11507936507936507
            ],
            [
              0.032679738562091505,
              0.0915032679738562,
              0.09803921568627451,
              0.7777777777777778
            ]
          ],
          "counts": [
            [
              154.0,
              187.0,
              320.0,
              30.0
            ],
            [
              125.0,
              371.0,
              438.0,
              49.0
            ],
            [
              123.0,
              214.0,
              1444.0,
              231.0
            ],
            [
              4.0,
              13.0,
              14.0,
              118.0
            ]
          ],
          "n_sequences": 570,
          "n_questions": 4405
        }
      },
      "divergence": [
        [
          0.0,
          0.05485116293930147,
          0.014289304469455057,
          0.018383337944668728,
          0.005263891158096099,
          0.026641536486054752,
          0.02538839968760459
        ],
        [
          0.05485116293930147,
          0.0,
          0.031186750179129995,
          0.04366909115500663,
          0.053435508399354625,
          0.02223032247084921,
          0.052916248994671886
        ],
        [
          0.014289304469455057,
          0.031186750179129995,
          0.0,
          0.01048468690919066,
          0.018050327512210945,
          0.013863575985520623,
          0.026530257967009564
        ],
        [
          0.018383337944668728,
          0.04366909115500663,
          0.01048468690919066,
          0.0,
          0.011633682771693743,
          0.021790298833512432,
          0.015932766375532443
        ],
        [
          0.005263891158096099,
          0.053435508399354625,
          0.018050327512210945,
          0.011633682771693743,
          0.0,
          0.02398780378610691,
          0.01803250084938332
        ],
        [
          0.026641536486054752,
          0.02223032247084921,
          0.013863575985520623,
          0.021790298833512432,
          0.02398780378610691,
          0.0,
          0.03562836465629182
        ],
        [
          0.02538839968760459,
          0.052916248994671886,
          0.026530257967009564,
          0.015932766375532443,
          0.01803250084938332,
          0.03562836465629182,
          0.0
        ]
      ],
      "similarity": [
        [
          1.0,
          0.9466260305049125,
          0.9858123030987493,
          0.9817846049208925,
          0.9947499388397906,
          0.973710218559342,
          0.9749311755185154
        ],
        [
          0.9466260305049125,
          1.0,
          0.969294540243575,
          0.9572706744011523,
          0.9479670749464915,
          0.9780149502882565,
          0.9484594435879478
        ],
        [
          0.9858123030987493,
          0.969294540243575,
          1.0,
          0.9895700858284638,
          0.9821116038807681,
          0.9862320808253188,
          0.9738185776193485
        ],
        [
          0.9817846049208925,
          0.9572706744011523,
          0.9895700858284638,
          1.0,
          0.988433726855087,
          0.9784453946799603,
          0.9841934887263049
        ],
        [
          0.9947499388397906,
          0.9479670749464915,
          0.9821116038807681,
          0.988433726855087,
          1.0,
          0.9762976168198567,
          0.9821291118092431
        ],
        [
          0.973710218559342,
          0.9780149502882565,
          0.9862320808253188,
          0.9784453946799603,
          0.9762976168198567,
          1.0,
          0.964998854532999
        ],
        [
          0.9749311755185154,
          0.9484594435879478,
          0.9738185776193485,
          0.9841934887263049,
          0.9821291118092431,
          0.964998854532999,
          1.0
        ]
      ],
      "most_similar": [
        [
          "algebra",
          "number_theory",
          0.005263891158096099
        ],
        [
          "geometry",
          "intermediate_algebra",
          0.01048468690919066
        ],
        [
          "intermediate_algebra",
          "number_theory",
          0.011633682771693743
        ]
      ],
      "most_different": [
        [
          "algebra",
          "counting_and_probability",
          0.05485116293930147
        ],
        [
          "counting_and_probability",
          "number_theory",
          0.053435508399354625
        ],
        [
          "counting_and_probability",
          "precalculus",
          0.052916248994671886
        ]
      ]
    },
    "pedagogical": {
      "matrices": {
        "algebra": {
          "transition_matrix": [
            [
              0.22672577580747308,
              0.22545915136162129,
              0.49778340721975933,
              0.050031665611146296
            ],
            [
              0.15931108719052745,
              0.27179763186221745,
              0.5026910656620022,
              0.06620021528525297
            ],
            [
              0.08865497076023392,
              0.15766081871345028,
              0.600701754385965,
              0.1529824561403509
            ],
            [
              0.027777777777777776,
              0.07051282051282051,
              0.19230769230769232,
              0.7094017094017094
            ]
          ],
          "counts": [
            [
              178.0,
              175.0,
              391.0,
              39.0
            ],
            [
              147.0,
              251.0,
              464.0,
              61.0
            ],
            [
              189.0,
              336.0,
              1281.0,
              325.0
            ],
            [
              6.0,
              16.0,
              44.0,
              163.0
            ]
          ],
          "n_sequences": 576,
          "n_questions": 4642
        },
        "counting_and_probability": {
          "transition_matrix": [
            [
              0.41712590080542605,
              0.1271725307333616,
              0.42136498516320475,
              0.03433658329800763
            ],
            [
              0.18394160583941604,
              0.2416058394160584,
              0.44233576642335765,
              0.13211678832116788
            ],
            [
              0.06987193889013704,
              0.10379689957312964,
              0.7148955290945855,
              0.11143563244214783
            ],
            [
              0.027985074626865673,
              0.05783582089552239,
              0.07835820895522388,
              0.835820895522388
            ]
          ],
          "counts": [
            [
              491.0,
              147.0,
              495.0,
              40.0
            ],
            [
              125.0,
              164.0,
              300.0,
              90.0
            ],
            [
              155.0,
              230.0,
              1588.0,
              246.0
            ],
            [
              7.0,
              15.0,
              20.0,
              221.0
            ]
          ],
          "n_sequences": 584,
          "n_questions": 4918
        },
        "geometry": {
          "transition_matrix": [
            [
              0.32503660322108346,
              0.2010736944851147,
              0.4441190824792582,
              0.02977061981454368
            ],
            [
              0.14496314496314497,
              0.24877149877149876,
              0.5577395577395577,
              0.048525798525798525
            ],
            [
              0.10104352252481548,
              0.13438533978111478,
              0.652074319165182,
              0.11249681852888775
            ],
            [
              0.02922077922077922,
              0.05519480519480519,
              0.14285714285714285,
              0.7727272727272727
            ]
          ],
          "counts": [
            [
              332.0,
              203.0,
              453.0,
              30.0
            ],
            [
              117.0,
              201.0,
              451.0,
              39.0
            ],
            [
              198.0,
              263.0,
              1278.0,
              219.0
            ],
            [
              4.0,
              8.0,
              21.0,
              116.0
            ]
          ],
          "n_sequences": 575,
          "n_questions": 4508
        },
        "intermediate_algebra": {
          "transition_matrix": [
            [
              0.26380766731643923,
              0.20532813515269654,
              0.5016244314489928,
              0.029239766081871343
            ],
            [
              0.1298342541436464,
              0.2990331491712707,
              0.5290055248618785,
              0.04212707182320442
            ],
            [
              0.0625408585748529,
              0.09893222924384397,
              0.7439529309217694,
              0.09457398125953367
            ],
            [
              0.01744186046511628,
              0.05232558139534884,
              0.16279069767441862,
              0.7674418604651163
            ]
          ],
          "counts": [
            [
              202.0,
              155.0,
              384.0,
              22.0
            ],
            [
              93.0,
              215.0,
              380.0,
              30.0
            ],
            [
              143.0,
              226.0,
              1704.0,
              215.0
            ],
            [
              1.0,
              4.0,
              13.0,
              63.0
            ]
          ],
          "n_sequences": 565,
          "n_questions": 4415
        },
        "number_theory": {
          "transition_matrix": [
            [
              0.23581429624170966,
              0.23876197494473103,
              0.48047162859248344,
              0.0449521002210759
            ],
            [
              0.14255765199161424,
              0.32651991614255765,
              0.4612159329140461,
              0.06970649895178196
            ],
            [
              0.0684931506849315,
              0.12768157146549497,
              0.6611527526492634,
              0.14267252520031015
            ],
            [
              0.01912568306010929,
              0.05737704918032787,
              0.20765027322404372,
              0.7158469945355191
            ]
          ],
          "counts": [
            [
              159.0,
              159.0,
              324.0,
              30.0
            ],
            [
              135.0,
              310.0,
              437.0,
              66.0
            ],
            [
              132.0,
              246.0,
              1276.0,
              274.0
            ],
            [
              3.0,
              10.0,
              37.0,
              128.0
            ]
          ],
          "n_sequences": 583,
          "n_questions": 4309
        },
        "prealgebra": {
          "transition_matrix": [
            [
              0.33006347374495093,
              0.17426428159261395,
              0.4604731679169071,
              0.03519907674552799
            ],
            [
              0.12210796915167095,
              0.2769922879177378,
              0.512853470437018,
              0.08804627249357326
            ],
            [
              0.08428826075884899,
              0.12070282658517953,
              0.6412019353195824,
              0.1538069773363891
            ],
            [
              0.014462809917355372,
              0.022727272727272728,
              0.11570247933884298,
              0.8471074380165289
            ]
          ],
          "counts": [
            [
              285.0,
              148.0,
              397.0,
              30.0
            ],
            [
              94.0,
              214.0,
              396.0,
              68.0
            ],
            [
              165.0,
              236.0,
              1256.0,
              300.0
            ],
            [
              3.0,
              5.0,
              27.0,
              202.0
            ]
          ],
          "n_sequences": 590,
          "n_questions": 4416
        },
        "precalculus": {
          "transition_matrix": [
            [
              0.2222222222222222,
              0.2724014336917563,
              0.46164874551971324,
              0.04372759856630824
            ],
            [
              0.12740141557128412,
              0.37664307381193124,
              0.44590495449949447,
              0.050050556117290194
            ],
            [
              0.06118404756006936,
              0.10651473866732722,
              0.7168689621005697,
              0.11543225167203369
            ],
            [
              0.02922077922077922,
              0.08766233766233766,
              0.09740259740259741,
              0.7857142857142857
            ]
          ],
          "counts": [
            [
              154.0,
              187.0,
              320.0,
              30.0
            ],
            [
              125.0,
              371.0,
              438.0,
              49.0
            ],
            [
              123.0,
              214.0,
              1444.0,
              231.0
            ],
            [
              4.0,
              13.0,
              14.0,
              118.0
            ]
          ],
          "n_sequences": 570,
          "n_questions": 4405
        }
      },
      "divergence": [
        [
          0.0,
          0.05461766620788232,
          0.01442282996722188,
          0.01931007826032247,
          0.005392724512671848,
          0.026928393331316018,
          0.0253402969987837
        ],
        [
          0.05461766620788232,
          0.0,
          0.03096203205091892,
          0.04375474723391974,
          0.053249905233548854,
          0.022568379335273534,
          0.0525979109878026
        ],
        [
          0.01442282996722188,
          0.03096203205091892,
          0.0,
          0.010830445620573916,
          0.018082563309142416,
          0.013629741924940346,
          0.026563499054047583
        ],
        [
          0.01931007826032247,
          0.04375474723391974,
          0.010830445620573916,
          0.0,
          0.011899508229763682,
          0.020645832418132566,
          0.016605225321621772
        ],
        [
          0.005392724512671848,
          0.053249905233548854,
          0.018082563309142416,
          0.011899508229763682,
          0.0,
          0.023836990808169554,
          0.017992094323046694
        ],
        [
          0.026928393331316018,
          0.022568379335273534,
          0.013629741924940346,
          0.020645832418132566,
          0.023836990808169554,
          0.0,
          0.035558182641969895
        ],
        [
          0.0253402969987837,
          0.0525979109878026,
          0.026563499054047583,
          0.016605225321621772,
          0.017992094323046694,
          0.035558182641969895,
          0.0
        ]
      ],
      "similarity": [
        [
          1.0,
          0.9468470903962883,
          0.9856806808079349,
          0.9808751670176978,
          0.9946217901232975,
          0.9734309431757902,
          0.9749780734574226
        ],
        [
          0.9468470903962883,
          1.0,
          0.9695123827740098,
          0.9571886818603544,
          0.94814303696573,
          0.9776843814994742,
          0.9487614223399227
        ],
        [
          0.9856806808079349,
          0.9695123827740098,
          1.0,
          0.9892279924950474,
          0.9820799452408149,
          0.9864627224423347,
          0.9737862073692647
        ],
        [
          0.9808751670176978,
          0.9571886818603544,
          0.9892279924950474,
          1.0,
          0.9881710109267121,
          0.9795658336035176,
          0.9835318814869131
        ],
        [
          0.9946217901232975,
          0.94814303696573,
          0.9820799452408149,
          0.9881710109267121,
          1.0,
          0.9764448662740877,
          0.9821687970368311
        ],
        [
          0.9734309431757902,
          0.9776843814994742,
          0.9864627224423347,
          0.9795658336035176,
          0.9764448662740877,
          1.0,
          0.9650665824730423
        ],
        [
          0.9749780734574226,
          0.9487614223399227,
          0.9737862073692647,
          0.9835318814869131,
          0.9821687970368311,
          0.9650665824730423,
          1.0
        ]
      ],
      "most_similar": [
        [
          "algebra",
          "number_theory",
          0.005392724512671848
        ],
        [
          "geometry",
          "intermediate_algebra",
          0.010830445620573916
        ],
        [
          "intermediate_algebra",
          "number_theory",
          0.011899508229763682
        ]
      ],
      "most_different": [
        [
          "algebra",
          "counting_and_probability",
          0.05461766620788232
        ],
        [
          "counting_and_probability",
          "number_theory",
          0.053249905233548854
        ],
        [
          "counting_and_probability",
          "precalculus",
          0.0525979109878026
        ]
      ]
    }
  }
}